20190814
20190726
20190726
20190723
20210405
20190723
20190722
20190612
20190611
20181228
20181227
20190103
20190102
20190102
20181229
20181230
20181227
20181231
20181228
20190103
20190103
20190104
20190105
20190106
20190108
20190112
20190117
20190120
20190121
20190121
20190124
20190126
20190127
20190128
20190128
20190129
20190129
20190131
20190201
20190201
20190203
20190206
20190207
20190208
20190208
20190210
20190216
20190224
20190310
20190314
20190315
20190325
20190328
20190329
20190329
20190331
20190331
20190401
20190402
20190404
20190405
20190406
20190411
20190417
20190417
20190421
20190501
20190507
20190515
20190602
20190703
20190706
20190706
20190708
20190708
20190708
20190710
20190713
20190722
20190815
20190815
20190815
20190816
20190817
20190819
20190821
20190821
20190829
20190829
20190901
20190908
20190908
20190909
20190911
20190916
20190917
20190918
20190921
20190923
20190925
20190930
20191001
20191004
20191007
20191008
20191009
20191011
20191015
20191021
20191022
20191022
20191023
20191024
20191025
20191026
20191028
20191029
20191030
20191031
20191101
20191101
20191106
20191109
20191111
20191112
20191113
20191114
20191120
20191127
20191204
20191211
20191218
20191220
20191221
20191223
20191228
20191230
20191231
20200101
20200104
20200106
20200108
20200109
20200113
20200114
20200115
20200116
20200116
20200117
20200121
20200122
20200127
20200129
20200131
20200205
20200211
20200212
20200216
20200226
20200228
20200309
20200310
20200326
20200331
20200401
20200402
20200404
20200406
20200407
20200408
20200409
20200415
20200426
20200506
20200507
20200509
20200522
20200523
20200524
20200525
20200527
20200601
20200604
20200607
20200608
20200613
20200616
20200622
20200630
20200702
20200702
20200706
20200707
20200812
20200814
20200815
20200816
20200817
20200819
20200821
20200824
20200826
20200903
20200916
20200920
20201005
20201007
20201010
20201014
20201019
20201024
20201026
20201028
20201029
20201115
20201206
20201207
20201225
20201225
20201226
20201228
20201230
20201230
20210102
20210103
20210104
20210105
20210106
20210112
20210114
20210128
20210129
20210131
20210205
20210206
20210208
20210219
20210225
20210301
20210302
20210306
20210307
20210308
20210308
20210309
20210310
20210316
20210317
20210321
20210325
20210325
20210326
20210327
20210330
20210331
20210401
20210401
20210402
20210406
20210410
20210411
20210413
20210413
20210415
20210416
20210417
20210418
20210419
20210420
20210422
20210427
20210505
20210507
20210511
20210524
20210528
20210530
20210531
20210617
20210623
20210625
20210630
20210701
20210702
20210704
20210711
20210719
20210724
20210725
20210728
20210809
20210829
20210907
20210913
20211002
20211002
20211004
20211005
20211009
20211020
20211030
20211101
20211103
20211105
20211107
20211120
20211206
20211208
20211229
20211230
20220103
20220104
20220106
20220110
20220111
20220112
20220113
20220117
20220126
20220215
20220224
20220302
20220308
20220310
20220315
20220321
20220324
20220325
20220326
20220327
20220329
20220510
20220511
20220513
20220517
20220612
20220624
20220624
20220628
20220629
20220630
20220630
20220630
20220701
20220704
20220704
20220705
20220706
20220707
20220708
20220709
20220710
20220711
20220712
20220713
20220924
20220928
20220930
20221014
20221019
20221204
20221205
20221207
20221207
20221208
20221210
20221210
20221211
20221222
20221223
20221231
20230103
20230104
20230105
20230106
20230107
20230108
20230109
20230110
20230111
20230112
20230113
20230114
20230115
20230116
20230117
20230118
20230120
20230127
20230206
20230217
20230218
20230311
20230313
20230318
20230318
20230319
20230320
20230322
20230323
20230324
20230325
20230325
20230326
20230327
20230328
20230329
20230406
20230407
20230409
20230410
20230410
20230411
20230412
20230413
20230504
20230506
20230510
20230514
20230528
20230529
20230613
20230707
20230708
20230710
20230714
20230717
20230719
20230813
20230903
20230904
20231005
20231008
20231119
20231125
20231208
20231212
