40
117
217
292
368
409
509
570
620
704
724
762
825
864
888
907
1025
1072
1096
1145
1165
1215
1255
1298
1327
1349
1386
1492
1616
1708
1817
1862
1932
1975
2025
2054
2104
2155
2184
2239
2293
2338
2395
2472
2707
2738
2887
2932
3044
3165
3314
3486
3535
3624
3779
3802
3850
4004
4138
4210
4260
4297
4363
4574
4607
4653
4693
4758
4838
4996
5111
5754
5839
5865
5906
5981
6035
6096
6118
6150
6219
6263
6307
6336
6369
6453
6524
6580
6696
6773
6832
6868
6901
6944
6999
7049
7110
7203
7252
7298
7332
7385
7436
7460
7588
7643
7709
7870
7975
8045
8109
8143
8173
8259
8289
8310
8369
8426
8479
8506
8543
8568
8755
8844
8931
9001
9064
9118
9156
9224
9253
9288
9395
9469
9518
9689
9757
9812
9973
10026
10139
10234
10296
10401
10445
10500
10608
10651
10697
10909
10961
11035
11264
11340
11454
11516
11693
11757
11853
11970
12352
12438
12544
12659
12874
12915
12967
13071
13124
13199
13288
13406
13479
13716
13891
13994
14089
14553
14620
14651
14756
14791
14863
14906
14951
14987
15783
15830
15922
15969
16012
16233
16280
16310
16376
16418
16499
16554
16657
16696
16799
16929
17055
17105
17213
17427
17476
17719
17761
17846
17931
17963
17989
18110
18148
18187
18230
18282
18381
18447
18530
18615
18649
18757
18783
19141
19189
19271
19370
19439
19516
19650
19838
20450
20577
20679
20717
20853
21038
21066
21115
21174
21226
21325
21636
21684
21758
21898
21937
22048
22206
22267
22391
22462
22564
22619
22707
22770
22855
22912
23001
23050
23099
23176
23257
23359
23496
23615
23715
23757
23951
23994
24102
24166
24324
24467
24568
24635
24724
24825
24858
24905
24956
25028
25059
25381
25513
25708
25768
25803
25838
26063
26164
26240
26317
26381
26487
26588
26615
26707
26845
26908
26946
26980
27026
27285
27331
27461
27657
27718
27754
27859
27921
27957
28030
28083
28153
28197
28268
28454
28496
28668
28713
28788
28841
29003
29064
29369
29660
29964
29993
30065
30274
30326
30424
